3726 313.0 0
1837 1394.0 0
5038 1394.0 0
4832 1394.0 0
2168 882.0 0
5840 31.0 0
3008 1394.0 0
5038 1394.0 0
2580 1394.0 0
3034 1394.0 0
1784 381.0 0
3902 882.0 0
2063 1394.0 0
8430 381.0 1
5840 882.0 0
2351 1394.0 0
3584 381.0 1
5991 381.0 1
2451 381.0 0
6867 1394.0 0
7880 580.0 0
1805 31.0 0
4470 1394.0 0
1796 1394.0 0
3327 1394.0 1
8029 162.0 1
3141 381.0 0
2825 580.0 0
3811 313.0 0
2512 616.0 1
2014 1394.0 0
5372 381.0 1
6507 1394.0 0
5378 1394.0 0
5739 580.0 1
2314 616.0 0
2183 31.0 0
5372 1394.0 0
3344 1238.0 0
8776 1394.0 0
3002 1238.0 1
3500 1394.0 0
7880 616.0 0
2168 1394.0 0
5038 381.0 1
5542 381.0 1
3584 1394.0 0
3584 1394.0 0
3902 31.0 1
2391 580.0 0
4617 882.0 0
3776 313.0 0
1714 313.0 0
5588 313.0 0
2988 1394.0 0
4215 882.0 0
1737 381.0 1
3811 31.0 0
5969 616.0 1
5588 162.0 0
7152 381.0 1
3315 580.0 0
2529 381.0 1
2384 882.0 0
5372 1394.0 0
6959 31.0 1
6143 162.0 1
2314 31.0 0
2218 616.0 0
10676 1394.0 0
3384 1394.0 1
6130 381.0 0
3008 1394.0 0
3088 381.0 0
19083 1238.0 0
2529 1394.0 0
3808 381.0 0
3384 882.0 0
2439 1394.0 0
6867 381.0 0
2347 1238.0 0
6867 1394.0 0
8584 381.0 1
6867 381.0 1
9786 1394.0 0
3811 381.0 0
2168 616.0 0
8584 1394.0 0
4215 31.0 0
6959 580.0 1
8776 1394.0 0
8128 313.0 0
2512 381.0 0
4103 1394.0 0
3526 381.0 0
2988 580.0 0
1744 31.0 0
9786 162.0 1
6143 1394.0 0
2942 1238.0 0
9151 162.0 0
9258 1394.0 1
8776 1394.0 0
1737 162.0 0
7376 31.0 0
8063 1394.0 0
9284 313.0 0
2439 1394.0 0
4112 616.0 0
9284 1394.0 1
7338 616.0 0
3088 313.0 0
1992 882.0 0
4617 1394.0 0
3645 381.0 1
3902 616.0 0
2529 1394.0 0
5372 1394.0 0
2529 1238.0 1
2093 31.0 0
3811 381.0 1
5588 31.0 1
5038 381.0 1
3141 381.0 0
6200 1238.0 0
4215 1238.0 0
2580 1394.0 0
2014 313.0 0
3309 381.0 0
5038 1394.0 0
3034 31.0 0
7338 580.0 0
1992 162.0 0
10676 882.0 0
8841 1394.0 0
8128 381.0 1
3417 1394.0 0
2451 1394.0 0
2451 313.0 0
3002 313.0 1
8584 1394.0 0
2168 313.0 0
4616 580.0 0
5987 162.0 0
3498 31.0 0
3113 381.0 1
2391 1394.0 0
4103 381.0 1
1796 1394.0 0
