4058 1549 0
6150 1018 0
3075 206 0
2742 1185 0
4092 666 0
4215 600 0
6130 637 0
11382 1115 0
8437 764 1
4348 666 0
2877 437 0
9786 437 1
6099 637 0
10554 206 0
7880 666 0
7136 1185 0
7516 666 0
2183 1115 0
3686 600 0
4182 437 0
2512 1549 0
4502 1240 0
8888 834 0
14015 600 0
19847 1549 0
10211 206 0
11012 637 0
5994 1115 0
4215 206 0
5954 206 0
3009 437 0
4733 1185 0
8063 1240 0
1826 437 0
4700 1240 0
10534 764 0
6867 437 0
3002 637 0
9010 1115 0
3411 637 0
6101 764 0
18891 1115 0
19847 666 0
5969 1240 0
2580 437 0
7880 637 0
10497 1549 0
4617 600 0
9532 1549 0
3250 1018 1
10812 764 1
4963 1240 0
3411 600 0
4502 1549 0
1744 1549 0
13356 600 0
14070 1549 0
4737 437 0
10351 1240 0
3500 1115 0
5719 206 0
8776 437 0
3726 834 0
3315 600 0
2451 1185 0
5969 206 0
7392 1240 0
4700 1115 0
3113 1549 0
10672 834 0
14207 1018 0
3808 637 0
9287 1115 0
7166 764 1
2789 1549 0
4617 666 0
10481 437 0
4103 637 0
11156 206 0
9786 1018 0
3206 206 0
2877 1240 0
4733 206 0
2580 206 0
1971 1185 0
4283 1240 0
6698 666 0
3812 1185 0
8841 666 0
5900 1549 0
7152 437 0
2093 637 0
11943 1549 0
3913 666 0
10351 834 0
11304 637 0
2035 666 0
9115 206 0
2439 1185 1
14015 666 0
11048 834 0
6150 834 0
9401 764 0
2384 637 0
2478 1240 0
9654 1018 0
3062 834 0
4785 1115 0
3088 764 0
3726 1185 0
14015 437 0
8065 600 0
2825 1185 0
4617 834 0
3417 206 0
3727 1018 0
8909 764 0
8841 1185 0
8841 1018 1
2232 666 0
6507 1549 0
9091 1115 0
6356 1549 0
13356 834 0
6130 437 0
9532 1018 0
7883 764 0
12301 600 0
3070 206 0
6340 1018 0
10460 764 0
5836 666 0
7187 600 0
9741 666 0
9786 600 0
2032 1018 0
7136 1240 1
10867 1115 0
13105 206 0
4737 600 0
4616 1115 0
2478 600 0
11943 1115 0
3141 600 0
1970 206 0
5719 600 0
1744 600 0
6803 1240 0
7883 1185 0
2351 1240 1
15783 1018 0
5108 1240 0
7883 206 0
4220 764 1
10534 666 0
4733 1115 0
3411 1115 0
7187 206 0
6099 764 1
5307 1240 0
3309 1115 0
9115 1018 0
14070 1185 0
3726 666 0
8146 666 0
4034 437 0
4461 206 0
2451 764 1
14207 1115 0
3584 1549 0
2183 666 0
6268 206 0
7630 1185 0
6803 437 0
5900 637 0
4617 437 0
5954 1115 0
3726 1549 0
9801 1240 0
3742 1549 0
7532 666 0
11585 764 1
3515 1549 0
2411 206 0
4616 206 0
9786 1240 0
2720 834 0
2742 834 0
6959 834 0
4617 764 0
6268 834 0
15718 1240 0
5954 1240 0
5307 600 0
10483 834 0
5108 206 0
12016 437 0
5138 1115 0
2491 437 0
1826 764 0
5967 1549 0
3727 1115 0
10554 1185 0
13250 600 0
2983 437 0
5719 666 0
2439 666 0
10260 834 0
4220 834 0
3417 1115 0
4470 1185 0
3141 1018 1
3491 600 0
11048 1018 0
10260 206 0
10503 1185 0
3075 666 0
14070 637 0
7152 1185 0
8430 666 0
8711 834 0
9258 834 0
9115 1115 0
3491 666 0
11048 1185 0
3776 834 0
2825 600 0
6763 1018 1
10244 600 0
10145 666 0
12518 764 1
6356 637 0
6200 764 1
5836 1018 0
5954 666 0
4383 1549 0
7376 600 1
5256 764 1
6950 834 0
2351 764 1
9401 666 0
9010 637 0
3808 666 0
3114 206 0
2233 1018 1
3886 834 0
6938 1115 0
7203 764 0
3309 437 0
2491 764 0
8671 1240 0
3886 1185 0
3697 834 0
12301 437 0
3515 764 0
5840 600 0
3070 1185 0
3491 1240 0
6507 1018 1
1971 1240 1
6974 1549 0
5994 637 0
10481 1549 0
11749 1549 0
2314 834 0
10244 637 0
2233 206 0
8029 1240 0
5256 206 0
1737 1115 0
2228 1018 0
5038 206 0
3114 637 0
4461 1240 0
1848 1018 0
7880 1185 0
10145 764 0
1826 834 0
3645 437 0
11156 1018 0
3727 1240 0
4688 600 0
2218 1018 0
10211 637 0
13416 437 0
5628 834 0
3179 1549 0
8841 637 0
4117 834 0
1954 1549 0
2391 764 0
3712 637 0
3009 600 0
15783 764 0
4348 1240 0
7532 206 0
3913 834 0
7376 637 0
3344 1115 0
1914 206 0
9801 1115 0
8065 437 0
3913 600 0
8063 637 1
3070 600 0
13250 637 0
1970 600 0
11651 1549 0
3858 1018 1
2970 764 1
3075 834 0
3113 637 0
13250 1549 0
11048 666 0
10460 437 0
7194 437 0
8584 206 0
6507 437 1
1914 600 0
10564 1240 0
6101 637 0
7815 764 0
10483 764 1
12247 1018 0
5147 637 0
10672 637 0
4963 1549 0
10812 600 0
9010 1549 0
11943 206 0
8539 1185 0
2983 1018 1
8065 666 0
4092 1115 0
6356 206 0
3812 666 0
4092 1549 0
5138 206 0
10592 1240 0
4502 1018 0
12301 206 0
8437 1549 0
5900 1240 0
1837 834 0
4283 1185 0
5108 600 0
8630 666 0
3515 1115 0
2314 1549 0
6356 1115 0
4034 1240 1
2983 1549 0
3309 1185 0
5954 437 0
5147 437 0
2043 1115 0
1815 206 0
6615 1018 0
3075 437 0
10351 600 0
14015 1240 0
7191 1240 0
3250 1115 0
7194 1018 0
4826 666 0
3584 764 0
10592 1549 0
5307 1115 0
12016 1185 0
2720 600 0
5836 1115 0
7191 637 0
11371 1549 0
6938 764 0
8430 600 0
2970 437 1
2218 1115 0
10503 600 0
12016 637 0
11012 1115 0
2406 764 0
3283 1240 1
2232 1115 0
14070 600 0
3913 637 0
9258 1240 1
10592 1115 0
9741 1115 0
6615 1240 0
3742 1240 0
7630 206 0
1970 764 1
4851 1115 0
9401 1018 0
3062 600 0
5163 600 0
4688 834 0
8063 1018 1
3114 764 0
5588 437 0
4938 1018 1
10672 1549 0
5038 764 0
2183 637 0
10592 666 0
7152 1115 0
3500 764 0
1744 1240 0
8430 206 0
3304 1115 0
2970 1240 0
9561 1549 0
4215 1549 0
7166 1549 0
5138 1018 0
19083 1549 0
6340 1185 0
2491 1185 0
2228 1115 0
1744 206 0
8539 1115 0
4617 1018 0
2967 1549 0
6826 1018 0
3304 1185 0
3645 764 0
2233 1240 0
3697 437 0
5588 1549 1
6763 1549 0
8671 437 0
10483 1018 0
5307 1018 0
4103 1018 1
9287 1240 0
5138 764 0
6268 1185 0
9287 834 0
7152 206 0
7166 437 0
3009 1549 0
5548 206 0
11012 666 0
18891 1018 0
2232 764 0
5588 637 0
5108 666 0
4112 600 0
5987 1018 1
2983 834 0
10351 1549 0
9287 206 0
6826 1240 1
7516 834 0
4688 637 0
11371 206 0
7191 666 0
15718 1018 0
2970 637 0
2391 1549 0
4092 437 0
1971 600 0
6974 666 1
7166 600 0
3141 206 0
9532 437 0
3304 1240 1
12518 834 1
3206 834 0
5307 637 0
5840 1018 0
5324 1018 0
1826 666 0
10554 834 0
5719 1240 1
10481 1018 0
2439 637 0
11585 666 0
6998 666 0
11339 600 0
1971 437 0
10483 1115 0
7166 1240 1
2825 637 0
6959 437 0
3858 637 0
4182 764 0
9115 637 0
5991 1185 0
18891 206 0
5108 1549 0
7136 206 0
3113 834 0
6938 1018 0
4058 600 0
10351 666 0
3114 1185 0
2314 637 0
7883 637 0
11749 600 0
1737 834 0
10145 1549 0
19083 637 0
1914 1185 0
3500 834 0
8888 1018 0
7376 1240 1
19083 764 0
7191 437 0
19847 834 0
10867 1549 0
7148 206 0
5628 206 0
6130 834 0
8181 1240 0
6826 764 0
4034 1115 0
6998 600 0
2967 600 0
7880 764 0
6938 1549 0
6507 637 1
7148 1185 0
10867 1018 0
18827 764 0
9786 1185 0
11382 764 1
9115 600 0
10812 437 0
4180 666 0
2228 1549 0
8029 637 0
13356 1115 0
8437 1240 0
4348 1549 0
1914 834 0
4851 206 0
11175 600 0
5548 834 0
3179 437 0
3808 1549 0
14207 1240 0
10564 600 0
4502 666 0
2983 1185 0
3814 764 0
1954 764 1
3070 666 0
5969 637 0
2742 1018 0
9339 834 0
2035 600 0
2511 1549 0
14015 1549 0
10534 1549 0
3886 1115 0
6998 437 0
4034 637 0
2043 437 0
2314 1185 0
8063 1185 0
9654 1185 0
4283 834 0
7392 666 0
1971 1018 0
3009 1185 0
17535 206 0
6507 834 0
2970 666 0
7516 600 0
11585 600 0
1971 764 1
6974 637 1
3114 600 0
3858 437 0
6268 600 0
5967 834 0
4963 600 0
8711 206 0
10812 1185 0
2967 1115 0
3315 834 0
8888 1185 0
3075 1018 0
5256 437 0
2439 764 1
4970 206 0
2183 834 0
9287 1018 0
2035 1115 0
3034 1115 0
10672 1115 0
8584 764 0
9741 834 0
12518 600 1
4970 637 0
14207 666 0
12247 666 1
5987 206 0
7191 834 0
4283 666 0
2218 834 0
6268 1549 0
15318 1115 0
7883 437 0
3141 437 0
4826 437 0
5719 1115 0
8711 1115 0
8063 764 1
10211 764 0
5991 1018 0
5628 637 0
11175 834 0
4283 1018 1
3814 206 0
2789 600 0
10460 637 0
3584 437 0
3088 1240 0
12301 666 0
2983 1115 0
3206 1115 0
5256 1115 0
1970 1018 0
17535 637 0
5548 1115 0
2183 437 0
1954 666 0
10260 1115 0
5967 764 0
18827 1115 0
11651 834 0
3009 1018 0
2391 206 0
2877 600 0
5840 437 0
6698 1240 1
3727 437 0
13416 1240 0
4785 1185 0
10351 764 0
2351 637 0
6998 1018 1
7166 1185 0
8065 764 0
6763 437 0
2228 764 1
1737 1240 0
2491 1549 0
6905 637 0
2970 1549 0
10592 764 0
4180 764 0
3886 1018 0
5967 1185 0
2511 764 0
9010 1018 1
5900 1185 0
3283 764 1
4938 437 1
7338 1115 0
10534 437 0
6867 764 0
6888 637 0
10672 600 0
11371 1185 0
1848 1549 0
9801 834 0
9284 437 0
4034 1549 1
11086 666 0
9401 206 0
5256 1018 0
6101 1018 0
7815 437 0
6200 437 0
9091 206 0
7191 1115 0
11585 1185 0
7338 764 0
8430 764 0
5739 1115 0
8671 764 0
1737 764 0
15318 206 0
10443 764 0
6356 437 0
6356 1240 0
10244 764 0
9284 1549 0
9258 1018 0
10443 1240 0
3088 834 0
18891 437 0
5994 764 0
13105 1240 0
2478 1185 0
4785 637 0
14015 206 0
3491 1549 0
6763 834 0
10867 666 0
5147 666 0
3141 1240 0
4938 1240 0
3913 1018 0
11651 437 0
2411 834 0
2511 637 0
7148 637 0
6905 764 1
3491 764 0
10460 206 0
5836 206 0
6974 764 1
5987 437 0
2946 1185 0
9010 1185 0
5163 834 0
2825 764 0
5967 637 0
7338 1185 0
2032 206 0
5588 1240 0
10117 600 0
5324 600 0
2043 834 0
2093 1240 0
7532 1240 0
7338 1549 0
5628 1018 0
10260 1240 0
3812 1115 0
2384 600 0
4826 1549 0
3062 1240 0
11156 1240 0
3002 1185 0
6099 1240 1
6803 666 0
2351 834 0
3062 1185 0
6803 1185 0
3206 1240 0
11749 637 0
5138 1549 0
6905 834 0
5038 600 0
4283 637 0
13250 437 0
13356 764 0
2967 1018 0
8063 1549 0
3283 1549 0
4785 764 1
7815 834 0
2451 600 0
11943 666 0
8063 437 1
5324 1240 0
2511 600 0
5138 1240 0
6698 764 1
5588 206 1
10443 1549 0
2411 1240 0
4092 1018 0
2512 1018 0
2512 1240 0
7152 1240 0
7532 834 0
10503 834 0
12301 1018 0
7136 666 0
3114 1549 0
5967 1018 1
4617 1549 0
1970 1240 1
2511 834 0
9786 764 0
5628 1240 1
3812 637 0
7203 834 0
9115 666 0
3075 764 0
5628 764 1
1914 1240 0
3491 637 0
9339 666 0
4851 637 0
4785 437 0
9287 764 0
11012 1185 0
3742 1185 0
9287 637 0
3645 834 0
4963 637 0
2406 666 0
1970 637 0
10534 1018 1
8888 206 0
2233 600 0
10867 206 0
3500 600 0
4180 1549 0
3776 1240 0
4617 206 0
5994 834 0
5739 666 0
8776 764 0
7630 600 0
7961 1018 0
2232 206 0
7815 206 0
2411 1115 0
12301 834 0
2391 666 0
13250 1240 0
18827 437 0
5739 764 0
3812 437 0
3886 1240 0
11156 764 0
13356 206 0
3500 666 0
4461 1018 0
14070 1018 0
4180 206 0
5147 834 0
7516 1018 0
9654 600 0
8584 1549 0
4502 1185 0
8029 437 0
2032 600 0
8584 834 0
3179 1185 0
3304 764 1
7148 666 0
7816 764 0
10260 764 1
3814 1018 0
1837 764 0
15718 834 0
6130 1185 0
3315 206 0
11156 666 0
1815 1549 0
7532 764 0
3956 834 0
2825 834 0
10812 1240 0
7152 1549 0
5719 637 0
6507 666 1
3812 834 0
4283 437 0
3956 600 0
6615 834 0
14070 1115 0
15318 764 0
10867 1240 1
17535 1240 0
1826 1185 0
11048 437 0
5991 1115 0
4058 637 0
8711 637 0
2093 834 0
5954 637 0
2970 1018 1
4117 206 0
11585 1549 0
7816 1115 0
13250 1115 0
1744 1185 0
4092 206 0
2035 764 0
3141 666 0
1914 637 0
5991 1240 0
4733 600 0
7203 637 0
2580 1018 0
3417 637 0
3808 834 0
11651 637 0
1848 1185 0
4348 206 0
11304 764 0
6200 1240 1
6763 637 0
2491 1115 0
4103 666 0
12518 1018 1
4112 1240 0
10497 834 0
11749 666 0
3114 1115 0
2580 764 0
1815 834 0
4283 206 0
8065 1018 0
4182 206 0
2946 600 0
10564 437 0
2384 1115 0
3686 1018 0
6888 764 0
2439 1549 0
3491 437 0
2035 1018 1
3645 1185 0
10459 637 0
1954 834 0
10672 764 0
8584 1018 1
13105 600 0
2411 1018 0
5147 1185 0
3742 834 0
11651 600 0
8065 1240 1
4970 437 0
13416 600 0
2439 600 0
3411 764 0
6938 666 0
2967 437 0
5987 764 0
4283 1115 0
13105 437 0
5840 666 0
6130 764 0
11086 1185 0
3814 1185 0
4826 600 0
12447 206 0
5163 1115 0
1970 1185 0
5987 637 0
5307 834 0
6200 637 1
10117 666 0
1815 1018 0
15783 600 0
12016 1018 1
4034 600 0
4826 206 0
2439 1240 1
1826 600 0
4785 206 0
2451 637 0
2946 637 0
8065 1185 0
7148 600 0
8146 600 0
1837 437 0
8776 1185 0
4733 1240 0
5739 1018 0
18827 637 0
4103 1115 0
11943 764 0
9258 206 0
3913 764 0
15783 834 0
2512 206 0
4461 764 1
2720 1549 0
3417 1018 0
3179 600 0
2877 637 0
9284 1018 1
6974 1240 0
3250 206 0
14015 764 0
9561 437 0
6905 1115 0
4103 1185 0
2384 437 0
4180 600 0
18827 206 0
2720 1018 0
8909 637 0
4616 637 0
8909 1549 0
11048 1115 0
2789 1240 0
4383 666 0
5840 1185 0
3113 1018 0
5548 437 0
10244 1185 0
2232 600 0
4220 1240 1
9091 666 0
10211 666 0
2742 1115 0
3009 834 0
13356 1240 1
5719 764 1
11304 1018 1
4733 834 0
6340 206 0
2720 764 0
12447 1185 0
2384 834 0
7516 637 0
5324 666 0
5108 834 0
5991 600 0
9591 1115 0
6101 206 0
7816 437 0
2789 834 0
15318 637 0
19083 437 0
5719 1185 0
7148 1240 0
1837 600 0
8146 1240 0
2035 1185 0
2478 1115 0
2451 1240 1
3956 764 1
12016 600 0
4283 1549 0
5843 1115 0
1837 1240 0
6905 437 0
11012 206 0
4103 1240 0
6340 1549 0
5163 1240 0
4851 600 0
2351 1185 0
5324 206 0
7392 1549 0
8888 437 0
1737 1549 0
7883 834 0
2314 1018 0
4461 834 0
10459 666 0
10503 206 0
3886 600 0
13105 1185 0
10554 666 0
8181 1185 0
13250 1018 1
4180 1115 0
11382 666 0
7392 834 0
3712 206 0
1837 1115 0
15783 1115 0
9010 666 0
5969 666 0
4851 1185 0
7880 1018 0
3727 1185 0
5843 764 0
4348 1185 1
4851 666 0
10812 1115 0
3956 1240 1
2183 1018 0
3584 206 0
8430 1240 0
3500 637 0
9591 1185 0
8909 666 0
8437 1115 1
8430 1549 0
11943 600 0
5969 600 0
5994 666 0
7816 637 0
3344 1240 1
9591 206 0
4851 764 0
5739 1185 0
4851 834 0
3344 764 1
4348 437 0
3070 1115 0
4737 764 0
4851 1018 0
11943 834 0
14015 834 0
1954 206 0
2384 666 0
2742 637 0
10812 1549 0
11175 666 0
3645 600 0
8437 666 1
8776 1115 0
4461 437 0
7880 834 0
3283 1185 0
12247 1549 0
7136 764 1
18891 1549 0
4616 1240 0
3500 206 0
11012 1549 0
8437 637 1
15318 1240 0
12518 1240 1
15318 666 0
4034 1018 0
13250 666 0
5588 1018 0
5900 666 0
4502 834 0
11749 206 0
3913 206 0
14477 1115 0
1737 600 0
9258 1115 0
2983 764 0
3645 1240 0
7194 600 0
1815 1185 0
18827 1240 0
1815 1240 0
3304 1549 0
18891 834 0
10460 1549 0
9091 1549 0
1837 637 0
3206 637 0
3814 437 0
9591 666 0
3726 437 0
5994 1185 0
3088 1549 0
2093 1549 0
4112 1185 0
3697 1018 0
4117 600 0
5967 600 0
6888 206 0
3250 637 0
11175 1115 0
4220 600 0
11371 1115 0
11086 1018 0
7152 834 0
14477 206 0
3913 1240 0
2512 437 0
6763 1185 0
19083 1185 0
6340 764 1
10503 1240 0
6888 600 0
4938 600 0
6099 834 0
7516 764 0
15318 437 0
2983 666 0
3417 764 0
3776 637 0
5994 1549 0
2789 764 0
4182 1240 0
8437 1185 1
2451 206 0
18891 1240 0
2183 206 0
5954 1018 0
8776 1240 0
10503 1018 0
6507 764 1
13416 1018 0
3500 1240 1
4182 1115 0
4180 1018 0
2233 1115 0
5739 834 0
3179 666 0
6826 666 0
4383 764 0
8630 1240 0
6698 1549 0
7880 1115 0
7376 666 0
6998 1185 0
10117 637 0
2183 600 0
3315 637 0
15318 1018 1
8584 1240 0
9339 206 0
4470 1240 0
10534 1115 0
5256 1240 1
2406 437 0
8539 637 0
14015 1018 0
6905 1240 1
3075 600 0
10867 764 1
4215 437 0
3858 1240 0
2511 437 0
3645 637 0
3283 834 0
6200 1115 1
