6200 1549 0
3726 1549 0
6803 1549 0
7194 1549 0
10459 1549 0
6888 1549 0
2232 1549 0
3002 1549 0
18891 1549 0
2406 1549 0
8539 1549 0
4103 1549 0
5719 1549 0
11175 1549 0
2946 1549 0
3727 1549 0
4785 1549 0
8888 1549 0
9741 1549 0
3956 1549 0
9287 1549 0
11371 1549 0
10211 1549 0
6130 1549 0
2825 1549 0
9654 1549 0
7148 1549 0
3206 1549 0
3742 1549 0
1737 1549 0
5969 1549 0
3814 1549 0
13416 1549 0
4851 1549 0
7816 1549 0
5038 1549 0
3141 1549 0
3686 1549 0
2233 1549 0
5987 1549 0
2228 1549 0
4112 1549 0
4970 1549 0
3250 1549 0
7880 1549 0
2218 1549 0
3315 1549 0
3070 1549 0
14207 1549 0
10117 1549 0
11086 1549 0
6905 1549 0
7136 1549 0
15718 1549 0
7191 1549 0
6698 1549 0
11382 1549 0
5628 1549 0
10483 1549 0
6099 1549 0
5588 1549 1
1970 1549 0
4034 1549 1
7187 1549 0
7815 1549 0
2384 1549 0
5739 1549 0
10564 1549 0
4938 1549 0
9786 1549 0
2351 1549 0
12518 1549 0
10481 1549 0
3712 1549 0
4616 1549 0
1837 1549 0
1971 1549 0
5163 1549 0
6615 1549 0
7630 1549 0
3009 1549 0
6867 1549 0
2043 1549 0
12447 1549 0
3858 1549 0
11156 1549 0
3417 1549 0
2983 1549 0
7961 1549 0
5954 1549 0
4220 1549 0
11339 1549 0
2032 1549 0
6150 1549 0
5548 1549 0
4182 1549 0
9258 1549 0
6826 1549 0
3500 1549 0
8065 1549 0
2580 1549 0
8671 1549 0
4688 1549 0
2967 1549 0
3886 1549 0
6950 1549 0
6959 1549 0
8841 1549 0
3913 1549 0
10145 1549 0
5324 1549 0
8181 1549 0
7203 1549 0
14477 1549 0
15783 1549 0
9115 1549 0
5991 1549 0
7516 1549 0
19847 1549 0
11749 1549 0
10503 1549 0
2742 1549 0
3411 1549 0
6998 1549 0
1914 1549 0
15318 1549 0
17535 1549 0
10460 1549 0
9591 1549 0
3812 1549 0
1826 1549 0
8776 1549 0
12301 1549 0
7883 1549 0
8630 1549 0
3062 1549 0
4733 1549 0
10244 1549 0
3645 1549 0
9339 1549 0
2183 1549 0
5840 1549 0
4470 1549 0
8029 1549 0
3776 1549 0
2411 1549 0
11048 1549 0
7532 1549 0
6101 1549 0
8430 1549 0
5843 1549 0
5256 1549 0
7376 1549 0
4737 1549 0
2451 1549 0
10260 1549 0
2478 1549 0
3697 1549 0
1815 1549 0
12016 1549 0
13356 1549 0
7392 1549 0
8146 1549 0
3309 1549 0
11651 1549 0
9401 1549 0
4700 1549 0
4117 1549 0
8711 1549 0
3075 1549 0
5147 1549 0
10554 1549 0
13105 1549 0
2035 1549 0
5836 1549 0
3344 1549 0
4461 1549 0
3034 1549 0
11304 1549 0
9801 1549 0
2877 1549 0
18827 1549 0
5307 1549 0
9010 1240 0
3726 1240 0
7194 1240 0
10459 1240 0
6888 1240 0
2232 1240 0
2314 1240 0
3114 1240 0
3002 1240 0
2406 1240 0
3113 1240 0
8539 1240 0
5719 1240 1
11175 1240 0
2946 1240 0
3727 1240 0
4785 1240 0
8888 1240 0
9741 1240 0
3956 1240 1
11371 1240 0
10211 1240 0
2391 1240 0
6130 1240 0
2825 1240 0
3515 1240 0
9654 1240 0
2720 1240 0
3814 1240 0
4851 1240 0
7816 1240 0
5038 1240 0
3686 1240 0
5967 1240 0
11943 1240 0
5987 1240 0
6507 1240 0
2228 1240 0
4970 1240 0
8584 1240 0
3250 1240 0
7880 1240 0
7338 1240 0
11012 1240 0
2218 1240 0
3315 1240 0
3070 1240 0
9284 1240 0
10117 1240 0
4383 1240 0
4180 1240 0
11086 1240 0
11585 1240 0
3283 1240 1
7166 1240 1
6905 1240 1
7136 1240 1
6698 1240 1
11382 1240 0
5628 1240 1
10483 1240 0
6099 1240 1
6340 1240 0
1970 1240 1
4034 1240 1
7187 1240 0
7815 1240 0
2384 1240 0
3584 1240 0
5739 1240 0
3304 1240 1
12518 1240 1
10481 1240 0
3712 1240 0
9091 1240 0
7630 1240 0
12247 1240 0
3009 1240 0
6867 1240 0
2043 1240 0
12447 1240 0
3417 1240 0
2983 1240 0
4058 1240 0
7961 1240 0
5954 1240 0
4220 1240 1
11339 1240 0
2032 1240 0
6150 1240 0
5548 1240 0
9258 1240 1
3500 1240 1
8065 1240 1
2580 1240 0
5994 1240 0
4688 1240 0
2967 1240 0
3886 1240 0
6950 1240 0
6959 1240 0
8841 1240 0
2511 1240 0
10145 1240 0
14070 1240 0
7203 1240 0
6763 1240 0
14477 1240 0
15783 1240 0
9532 1240 0
9115 1240 0
7516 1240 0
19083 1240 0
19847 1240 0
4092 1240 0
11749 1240 0
1848 1240 0
2742 1240 0
3411 1240 0
6998 1240 0
2970 1240 0
10534 1240 0
15318 1240 0
9561 1240 0
10460 1240 0
9591 1240 0
3812 1240 0
1826 1240 0
12301 1240 0
7883 1240 0
8909 1240 0
10244 1240 0
9339 1240 0
3808 1240 0
2183 1240 0
4215 1240 0
5840 1240 0
2491 1240 0
4617 1240 0
4826 1240 0
3776 1240 0
10497 1240 0
11048 1240 0
3179 1240 0
6101 1240 0
8430 1240 0
5843 1240 0
10672 1240 0
5256 1240 1
7376 1240 1
4737 1240 0
2451 1240 1
3697 1240 0
6268 1240 0
12016 1240 0
13356 1240 1
3309 1240 0
11651 1240 0
9401 1240 0
4117 1240 0
1954 1240 0
8711 1240 0
3075 1240 0
6938 1240 0
5147 1240 0
10554 1240 0
2035 1240 0
5836 1240 0
10812 1240 0
3034 1240 0
11304 1240 0
2877 1240 0
9010 764 0
6200 764 1
3726 764 0
6803 764 0
7194 764 0
10459 764 0
6888 764 0
2314 764 0
3002 764 0
18891 764 0
3113 764 0
8539 764 0
4103 764 0
5719 764 1
11175 764 0
2946 764 0
3727 764 0
4785 764 1
8888 764 0
9741 764 0
11371 764 0
9654 764 0
7148 764 0
3206 764 0
3742 764 0
2512 764 0
5969 764 0
5900 764 0
13416 764 0
3141 764 0
3686 764 0
2233 764 0
11943 764 0
6507 764 1
2228 764 1
4112 764 0
4970 764 0
3250 764 0
11012 764 0
2218 764 0
3315 764 0
3070 764 0
14207 764 0
9284 764 0
8437 764 1
6974 764 1
10117 764 0
7152 764 0
11086 764 0
11585 764 1
3283 764 1
15718 764 0
7191 764 0
6698 764 1
10483 764 1
6340 764 1
5588 764 0
1970 764 1
4034 764 0
7187 764 0
2384 764 0
10564 764 0
3304 764 1
4938 764 0
10867 764 1
12518 764 1
10481 764 0
3712 764 0
9091 764 0
4616 764 0
5163 764 0
6615 764 0
7630 764 0
12247 764 0
3009 764 0
2043 764 0
12447 764 0
3858 764 0
4058 764 0
7961 764 0
2439 764 1
5954 764 0
4220 764 1
11339 764 0
2032 764 0
6150 764 0
5548 764 0
9258 764 0
6826 764 0
4688 764 0
2967 764 0
3886 764 0
6950 764 0
6959 764 0
8841 764 0
2511 764 0
13250 764 0
5324 764 0
14070 764 0
8181 764 0
6763 764 0
14477 764 0
9532 764 0
9115 764 0
5991 764 0
7516 764 0
19847 764 0
4092 764 0
11749 764 0
6356 764 0
1848 764 0
10503 764 0
2742 764 0
6998 764 0
2970 764 1
1914 764 0
9561 764 0
17535 764 0
10460 764 0
9591 764 0
3812 764 0
1826 764 0
12301 764 0
8630 764 0
4502 764 0
3062 764 0
4733 764 0
9339 764 0
2093 764 0
3808 764 0
2183 764 0
4215 764 0
1744 764 0
5840 764 0
2491 764 0
4470 764 0
8029 764 0
4826 764 0
3776 764 0
10497 764 0
2411 764 0
11048 764 0
3179 764 0
4348 764 0
5108 764 0
5256 764 1
7376 764 0
10260 764 1
2478 764 0
3697 764 0
6268 764 0
1815 764 0
12016 764 0
13356 764 0
7392 764 0
8146 764 0
3309 764 0
11651 764 0
4700 764 0
4117 764 0
1954 764 1
8711 764 0
5147 764 0
10554 764 0
13105 764 0
5836 764 0
3344 764 1
10351 764 0
4963 764 0
2789 764 0
4461 764 1
3034 764 0
4283 764 0
9801 764 0
2877 764 0
18827 764 0
5307 764 0
9010 600 0
6200 600 0
3726 600 0
6803 600 0
10459 600 0
6888 600 0
2314 600 0
3002 600 0
18891 600 0
2406 600 0
3113 600 0
8539 600 0
4103 600 0
3727 600 0
4785 600 0
8888 600 0
9741 600 0
3956 600 0
9287 600 0
11371 600 0
10211 600 0
2391 600 0
6130 600 0
3515 600 0
9654 600 0
3206 600 0
3742 600 0
2512 600 0
3814 600 0
5900 600 0
13416 600 0
14015 600 0
7816 600 0
2233 600 0
5987 600 0
6507 600 0
2228 600 0
4970 600 0
8584 600 0
3250 600 0
7880 600 0
7338 600 0
11012 600 0
2218 600 0
14207 600 0
9284 600 0
8437 600 0
6974 600 0
4383 600 0
7152 600 0
11086 600 0
3283 600 0
6905 600 0
7136 600 0
15718 600 0
7191 600 0
6698 600 0
11382 600 0
5628 600 0
10483 600 0
6099 600 0
6340 600 0
5588 600 0
7815 600 0
3584 600 0
5739 600 0
3304 600 0
9786 600 0
10867 600 0
2351 600 0
12518 600 1
10481 600 0
3712 600 0
9091 600 0
4616 600 0
6615 600 0
12247 600 0
6867 600 0
2043 600 0
12447 600 0
3858 600 0
11156 600 0
3417 600 0
2983 600 0
7961 600 0
3088 600 0
5954 600 0
10443 600 0
6150 600 0
5548 600 0
4182 600 0
9258 600 0
6826 600 0
2580 600 0
5994 600 0
8671 600 0
6950 600 0
6959 600 0
8841 600 0
10145 600 0
8181 600 0
7203 600 0
6763 600 0
14477 600 0
15783 600 0
9532 600 0
19083 600 0
19847 600 0
4092 600 0
6356 600 0
1848 600 0
2742 600 0
6998 600 0
5138 600 0
2970 600 0
8063 600 0
10534 600 0
15318 600 0
9561 600 0
17535 600 0
10460 600 0
9591 600 0
3812 600 0
8776 600 0
7883 600 0
8909 600 0
8630 600 0
4502 600 0
9339 600 0
2093 600 0
3808 600 0
5840 600 0
2491 600 0
4470 600 0
8029 600 0
3776 600 0
10497 600 0
2411 600 0
11048 600 0
4348 600 0
7532 600 0
6101 600 0
5843 600 0
5256 600 0
7376 600 1
2451 600 0
10260 600 0
3697 600 0
1815 600 0
7392 600 0
3309 600 0
11651 600 0
9401 600 0
4700 600 0
1954 600 0
8711 600 0
6938 600 0
5147 600 0
10554 600 0
5836 600 0
3344 600 0
4461 600 0
3034 600 0
4283 600 0
11304 600 0
9801 600 0
10592 600 0
18827 600 0
9010 834 0
6200 834 0
6803 834 0
7194 834 0
10459 834 0
6888 834 0
2232 834 0
3114 834 0
3002 834 0
2406 834 0
8539 834 0
4103 834 0
5719 834 0
2946 834 0
3727 834 0
4785 834 0
11371 834 0
10211 834 0
2391 834 0
2825 834 0
3515 834 0
9654 834 0
7148 834 0
2512 834 0
5969 834 0
3814 834 0
5900 834 0
13416 834 0
7816 834 0
5038 834 0
3141 834 0
3686 834 0
2233 834 0
11943 834 0
5987 834 0
2228 834 0
4112 834 0
4970 834 0
3250 834 0
7338 834 0
11012 834 0
3070 834 0
14207 834 0
9284 834 0
8437 834 0
6974 834 0
10117 834 0
4383 834 0
4180 834 0
11086 834 0
11585 834 0
3283 834 0
7166 834 0
7136 834 0
6698 834 0
11382 834 0
6340 834 0
5588 834 0
1970 834 0
4034 834 0
7187 834 0
3584 834 0
10564 834 0
3304 834 0
4938 834 0
9786 834 0
10867 834 0
12518 834 1
10481 834 0
3712 834 0
9091 834 0
4616 834 0
1971 834 0
7630 834 0
12247 834 0
6867 834 0
12447 834 0
3858 834 0
11156 834 0
3417 834 0
4058 834 0
7961 834 0
2439 834 0
5954 834 0
10443 834 0
11339 834 0
2032 834 0
6150 834 0
4182 834 0
3491 834 0
6826 834 0
8065 834 0
2580 834 0
5994 834 0
8671 834 0
2967 834 0
8841 834 0
3913 834 0
2511 834 0
13250 834 0
10145 834 0
5324 834 0
14070 834 0
8181 834 0
14477 834 0
9532 834 0
9115 834 0
5991 834 0
19083 834 0
4092 834 0
11749 834 0
6356 834 0
1848 834 0
2742 834 0
3411 834 0
6998 834 0
5138 834 0
2970 834 0
8063 834 0
1914 834 0
10534 834 0
15318 834 0
9561 834 0
17535 834 0
10460 834 0
9591 834 0
8776 834 0
7883 834 0
8909 834 0
8630 834 0
4733 834 0
10244 834 0
4215 834 0
1744 834 0
5840 834 0
2491 834 0
4470 834 0
8029 834 0
4826 834 0
3179 834 0
4348 834 0
6101 834 0
8430 834 0
5108 834 0
5843 834 0
5256 834 0
7376 834 0
4737 834 0
2451 834 0
2478 834 0
3697 834 0
12016 834 0
13356 834 0
8146 834 0
3309 834 0
9401 834 0
4700 834 0
1954 834 0
6938 834 0
13105 834 0
2035 834 0
5836 834 0
3344 834 0
10812 834 0
4963 834 0
2789 834 0
3034 834 0
4283 834 0
11304 834 0
2877 834 0
10592 834 0
18827 834 0
5307 834 0
6200 637 1
3726 637 0
6803 637 0
7194 637 0
2232 637 0
18891 637 0
2406 637 0
8539 637 0
11175 637 0
3727 637 0
8888 637 0
9741 637 0
3956 637 0
11371 637 0
2391 637 0
2825 637 0
3515 637 0
9654 637 0
3742 637 0
1737 637 0
2720 637 0
2512 637 0
3814 637 0
5900 637 0
13416 637 0
14015 637 0
4851 637 0
5038 637 0
3141 637 0
3686 637 0
2233 637 0
11943 637 0
6507 637 1
2228 637 0
4112 637 0
4970 637 0
8584 637 0
7338 637 0
2218 637 0
3070 637 0
14207 637 0
9284 637 0
8437 637 1
6974 637 1
4383 637 0
7152 637 0
4180 637 0
11086 637 0
11585 637 0
3283 637 0
7166 637 0
7136 637 0
15718 637 0
6698 637 0
11382 637 0
10483 637 0
6340 637 0
1970 637 0
7187 637 0
7815 637 0
3584 637 0
5739 637 0
10564 637 0
3304 637 0
4938 637 0
9786 637 0
10867 637 0
12518 637 0
10481 637 0
3712 637 0
9091 637 0
1971 637 0
5163 637 0
6615 637 0
7630 637 0
12247 637 0
3009 637 0
6867 637 0
2043 637 0
12447 637 0
11156 637 0
3417 637 0
2983 637 0
7961 637 0
3088 637 0
10443 637 0
4220 637 0
11339 637 0
2032 637 0
6150 637 0
5548 637 0
4182 637 0
9258 637 0
6826 637 0
8065 637 0
2580 637 0
8671 637 0
2967 637 0
3886 637 0
6950 637 0
6959 637 0
10145 637 0
5324 637 0
8181 637 0
6763 637 0
14477 637 0
15783 637 0
9532 637 0
5991 637 0
19083 637 0
19847 637 0
4092 637 0
1848 637 0
10503 637 0
6998 637 0
5138 637 0
2970 637 0
8063 637 1
1914 637 0
10534 637 0
9561 637 0
9591 637 0
3812 637 0
1826 637 0
8776 637 0
12301 637 0
8630 637 0
4502 637 0
3062 637 0
4733 637 0
9339 637 0
4215 637 0
1744 637 0
5840 637 0
2491 637 0
4617 637 0
4470 637 0
8029 637 0
4826 637 0
10497 637 0
2411 637 0
11048 637 0
3179 637 0
4348 637 0
7532 637 0
6101 637 0
8430 637 0
5108 637 0
5843 637 0
5256 637 0
7376 637 0
4737 637 0
10260 637 0
2478 637 0
3697 637 0
6268 637 0
1815 637 0
13356 637 0
7392 637 0
8146 637 0
3309 637 0
9401 637 0
4700 637 0
4117 637 0
1954 637 0
3075 637 0
6938 637 0
10554 637 0
13105 637 0
2035 637 0
5836 637 0
3344 637 0
10812 637 0
10351 637 0
2789 637 0
4461 637 0
3034 637 0
9801 637 0
2877 637 0
10592 637 0
18827 637 0
9010 206 0
6200 206 0
3726 206 0
6803 206 0
7194 206 0
10459 206 0
2314 206 0
3002 206 0
2406 206 0
3113 206 0
8539 206 0
4103 206 0
11175 206 0
2946 206 0
3727 206 0
9741 206 0
3956 206 0
10211 206 0
6130 206 0
2825 206 0
3515 206 0
9654 206 0
3206 206 0
3742 206 0
1737 206 0
2720 206 0
5900 206 0
13416 206 0
4851 206 0
7816 206 0
3686 206 0
5967 206 0
2233 206 0
5987 206 0
6507 206 0
2228 206 0
4112 206 0
4970 206 0
8584 206 0
7880 206 0
7338 206 0
2218 206 0
14207 206 0
9284 206 0
8437 206 0
6974 206 0
10117 206 0
4383 206 0
7152 206 0
11086 206 0
11585 206 0
3283 206 0
7166 206 0
6905 206 0
15718 206 0
7191 206 0
6698 206 0
11382 206 0
5628 206 0
10483 206 0
6099 206 0
5588 206 1
4034 206 0
2384 206 0
5739 206 0
10564 206 0
3304 206 0
4938 206 0
9786 206 0
2351 206 0
12518 206 0
10481 206 0
1837 206 0
1971 206 0
5163 206 0
6615 206 0
12247 206 0
3009 206 0
6867 206 0
2043 206 0
3858 206 0
11156 206 0
2983 206 0
4058 206 0
7961 206 0
2439 206 0
3088 206 0
10443 206 0
4220 206 0
11339 206 0
6150 206 0
3491 206 0
9258 206 0
6826 206 0
8065 206 0
5994 206 0
8671 206 0
4688 206 0
2967 206 0
3886 206 0
6950 206 0
6959 206 0
8841 206 0
2511 206 0
13250 206 0
10145 206 0
5324 206 0
14070 206 0
8181 206 0
7203 206 0
6763 206 0
15783 206 0
9532 206 0
5991 206 0
7516 206 0
19083 206 0
19847 206 0
1848 206 0
10503 206 0
2742 206 0
3411 206 0
6998 206 0
2970 206 0
8063 206 0
10534 206 0
15318 206 0
9561 206 0
17535 206 0
3812 206 0
1826 206 0
8776 206 0
12301 206 0
7883 206 0
8909 206 0
8630 206 0
4502 206 0
3062 206 0
10244 206 0
3645 206 0
2093 206 0
3808 206 0
2183 206 0
1744 206 0
5840 206 0
2491 206 0
4470 206 0
8029 206 0
3776 206 0
10497 206 0
11048 206 0
3179 206 0
8430 206 0
5843 206 0
10672 206 0
7376 206 0
4737 206 0
2478 206 0
3697 206 0
12016 206 0
7392 206 0
8146 206 0
3309 206 0
11651 206 0
4700 206 0
6938 206 0
5147 206 0
2035 206 0
3344 206 0
10812 206 0
10351 206 0
4963 206 0
2789 206 0
3034 206 0
11304 206 0
9801 206 0
2877 206 0
10592 206 0
5307 206 0
6200 1115 1
3726 1115 0
6803 1115 0
7194 1115 0
10459 1115 0
6888 1115 0
2314 1115 0
3002 1115 0
2406 1115 0
3113 1115 0
5719 1115 0
11175 1115 0
2946 1115 0
8888 1115 0
3956 1115 0
10211 1115 0
2391 1115 0
6130 1115 0
2825 1115 0
3515 1115 0
9654 1115 0
7148 1115 0
3742 1115 0
2720 1115 0
2512 1115 0
5969 1115 0
3814 1115 0
5900 1115 0
13416 1115 0
14015 1115 0
4851 1115 0
5038 1115 0
3141 1115 0
3686 1115 0
5967 1115 0
5987 1115 0
6507 1115 0
4112 1115 0
4970 1115 0
8584 1115 0
3315 1115 0
9284 1115 0
8437 1115 1
6974 1115 0
10117 1115 0
4383 1115 0
11086 1115 0
11585 1115 0
3283 1115 0
7166 1115 0
6905 1115 0
7136 1115 0
15718 1115 0
6698 1115 0
11382 1115 0
5628 1115 0
6099 1115 0
6340 1115 0
5588 1115 0
1970 1115 0
7187 1115 0
7815 1115 0
2384 1115 0
3584 1115 0
10564 1115 0
4938 1115 0
9786 1115 0
2351 1115 0
12518 1115 0
10481 1115 0
3712 1115 0
1971 1115 0
6615 1115 0
7630 1115 0
12247 1115 0
3009 1115 0
6867 1115 0
2043 1115 0
12447 1115 0
3858 1115 0
11156 1115 0
3417 1115 0
4058 1115 0
7961 1115 0
2439 1115 0
3088 1115 0
10443 1115 0
4220 1115 0
11339 1115 0
2032 1115 0
6150 1115 0
3491 1115 0
6826 1115 0
3500 1115 0
8065 1115 0
2580 1115 0
8671 1115 0
4688 1115 0
3886 1115 0
6950 1115 0
6959 1115 0
8841 1115 0
3913 1115 0
2511 1115 0
10145 1115 0
5324 1115 0
8181 1115 0
7203 1115 0
6763 1115 0
9532 1115 0
7516 1115 0
19083 1115 0
19847 1115 0
11749 1115 0
6356 1115 0
1848 1115 0
10503 1115 0
6998 1115 0
2970 1115 0
8063 1115 0
1914 1115 0
9561 1115 0
17535 1115 0
10460 1115 0
1826 1115 0
8776 1115 0
12301 1115 0
7883 1115 0
8909 1115 0
8630 1115 0
4502 1115 0
3062 1115 0
10244 1115 0
3645 1115 0
9339 1115 0
2093 1115 0
3808 1115 0
4215 1115 0
1744 1115 0
5840 1115 0
4617 1115 0
4470 1115 0
8029 1115 0
4826 1115 0
3776 1115 0
10497 1115 0
3179 1115 0
4348 1115 0
7532 1115 0
6101 1115 0
8430 1115 0
5108 1115 0
7376 1115 0
4737 1115 0
2451 1115 0
10260 1115 0
3697 1115 0
6268 1115 0
1815 1115 0
12016 1115 0
7392 1115 0
8146 1115 0
11651 1115 0
9401 1115 0
4117 1115 0
1954 1115 0
3075 1115 0
5147 1115 0
10554 1115 0
13105 1115 0
10351 1115 0
4963 1115 0
2789 1115 0
4461 1115 0
11304 1115 0
2877 1115 0
18827 1115 0
9010 437 0
3726 437 0
10459 437 0
6888 437 0
2232 437 0
2314 437 0
3114 437 0
3002 437 0
2406 437 0
3113 437 0
8539 437 0
4103 437 0
5719 437 0
11175 437 0
2946 437 0
9741 437 0
3956 437 0
9287 437 0
11371 437 0
10211 437 0
2391 437 0
2825 437 0
3515 437 0
9654 437 0
7148 437 0
3206 437 0
3742 437 0
1737 437 0
2720 437 0
5969 437 0
5900 437 0
4851 437 0
5038 437 0
3686 437 0
5967 437 0
2233 437 0
11943 437 0
2228 437 0
4112 437 0
8584 437 0
3250 437 0
7880 437 0
7338 437 0
11012 437 0
2218 437 0
3315 437 0
3070 437 0
14207 437 0
9284 437 0
8437 437 0
6974 437 0
10117 437 0
4383 437 0
4180 437 0
11086 437 0
11585 437 0
3283 437 0
7136 437 0
15718 437 0
6698 437 0
11382 437 0
5628 437 0
10483 437 0
6099 437 0
6340 437 0
1970 437 0
7187 437 0
3584 437 0
5739 437 0
3304 437 0
4938 437 1
9786 437 1
10867 437 0
2351 437 0
12518 437 0
3712 437 0
9091 437 0
4616 437 0
5163 437 0
6615 437 0
7630 437 0
12247 437 0
2043 437 0
12447 437 0
11156 437 0
3417 437 0
4058 437 0
7961 437 0
2439 437 0
3088 437 0
5954 437 0
10443 437 0
4220 437 0
11339 437 0
2032 437 0
6150 437 0
4182 437 0
9258 437 0
6826 437 0
3500 437 0
5994 437 0
4688 437 0
3886 437 0
6950 437 0
8841 437 0
3913 437 0
10145 437 0
5324 437 0
14070 437 0
8181 437 0
7203 437 0
14477 437 0
15783 437 0
9115 437 0
5991 437 0
7516 437 0
19847 437 0
4092 437 0
11749 437 0
1848 437 0
10503 437 0
2742 437 0
3411 437 0
5138 437 0
2970 437 1
8063 437 1
1914 437 0
15318 437 0
9561 437 0
17535 437 0
10460 437 0
9591 437 0
8909 437 0
8630 437 0
4502 437 0
3062 437 0
4733 437 0
10244 437 0
3645 437 0
9339 437 0
2093 437 0
3808 437 0
1744 437 0
4470 437 0
3776 437 0
10497 437 0
2411 437 0
7532 437 0
6101 437 0
8430 437 0
5108 437 0
5843 437 0
10672 437 0
7376 437 0
2451 437 0
10260 437 0
2478 437 0
6268 437 0
1815 437 0
13356 437 0
7392 437 0
8146 437 0
3309 437 0
9401 437 0
4700 437 0
4117 437 0
1954 437 0
8711 437 0
6938 437 0
10554 437 0
2035 437 0
5836 437 0
3344 437 0
10351 437 0
4963 437 0
2789 437 0
3034 437 0
11304 437 0
9801 437 0
10592 437 0
18827 437 0
5307 437 0
6200 666 0
7194 666 0
6888 666 0
2314 666 0
3114 666 0
3002 666 0
18891 666 0
3113 666 0
8539 666 0
2946 666 0
3727 666 0
4785 666 0
8888 666 0
9741 666 0
3956 666 0
9287 666 0
11371 666 0
10211 666 0
6130 666 0
2825 666 0
3515 666 0
9654 666 0
3206 666 0
3742 666 0
1737 666 0
2720 666 0
2512 666 0
3814 666 0
13416 666 0
4851 666 0
7816 666 0
5038 666 0
3141 666 0
3686 666 0
5967 666 0
2233 666 0
5987 666 0
2228 666 0
4112 666 0
4970 666 0
8584 666 0
3250 666 0
7338 666 0
2218 666 0
3315 666 0
9284 666 0
8437 666 1
6974 666 1
4383 666 0
7152 666 0
11585 666 0
3283 666 0
7166 666 0
6905 666 0
15718 666 0
6698 666 0
5628 666 0
10483 666 0
6099 666 0
6340 666 0
5588 666 0
1970 666 0
4034 666 0
7187 666 0
7815 666 0
3584 666 0
10564 666 0
3304 666 0
4938 666 0
9786 666 0
2351 666 0
12518 666 0
10481 666 0
3712 666 0
4616 666 0
1837 666 0
1971 666 0
5163 666 0
6615 666 0
7630 666 0
12247 666 1
3009 666 0
6867 666 0
2043 666 0
12447 666 0
3858 666 0
3417 666 0
4058 666 0
7961 666 0
3088 666 0
10443 666 0
4220 666 0
11339 666 0
2032 666 0
6150 666 0
5548 666 0
4182 666 0
9258 666 0
3500 666 0
2580 666 0
5994 666 0
8671 666 0
4688 666 0
2967 666 0
3886 666 0
6950 666 0
6959 666 0
2511 666 0
10145 666 0
5324 666 0
14070 666 0
8181 666 0
7203 666 0
6763 666 0
14477 666 0
15783 666 0
9532 666 0
5991 666 0
19083 666 0
6356 666 0
1848 666 0
10503 666 0
2742 666 0
3411 666 0
5138 666 0
8063 666 0
1914 666 0
9561 666 0
17535 666 0
10460 666 0
8776 666 0
7883 666 0
3062 666 0
4733 666 0
10244 666 0
3645 666 0
2093 666 0
4215 666 0
1744 666 0
2491 666 0
4617 666 0
4470 666 0
8029 666 0
3776 666 0
10497 666 0
2411 666 0
6101 666 0
5843 666 0
10672 666 0
5256 666 0
4737 666 0
2451 666 0
10260 666 0
2478 666 0
3697 666 0
6268 666 0
1815 666 0
12016 666 0
13356 666 0
3309 666 0
11651 666 0
4700 666 0
4117 666 0
8711 666 0
13105 666 0
3344 666 0
10812 666 0
4963 666 0
2789 666 0
4461 666 0
3034 666 0
11304 666 0
9801 666 0
2877 666 0
18827 666 0
5307 666 0
6200 1018 0
3726 1018 0
6803 1018 0
10459 1018 0
6888 1018 0
2232 1018 0
2314 1018 0
3114 1018 0
3002 1018 0
2406 1018 0
8539 1018 0
4103 1018 1
5719 1018 0
11175 1018 0
2946 1018 0
4785 1018 0
9741 1018 0
3956 1018 0
11371 1018 0
10211 1018 0
2391 1018 0
6130 1018 0
2825 1018 0
3515 1018 0
7148 1018 0
3206 1018 0
3742 1018 0
1737 1018 0
2512 1018 0
5969 1018 0
5900 1018 0
7816 1018 0
5038 1018 0
11943 1018 0
5987 1018 1
6507 1018 1
4112 1018 0
4970 1018 0
8584 1018 1
3250 1018 1
7338 1018 0
11012 1018 0
3315 1018 0
3070 1018 0
9284 1018 1
8437 1018 0
6974 1018 0
10117 1018 0
4383 1018 0
7152 1018 0
11585 1018 0
3283 1018 0
7166 1018 0
6905 1018 0
7136 1018 0
7191 1018 0
6698 1018 0
11382 1018 0
6099 1018 0
7187 1018 0
7815 1018 0
2384 1018 0
3584 1018 0
10564 1018 0
3304 1018 0
4938 1018 1
9786 1018 0
2351 1018 0
12518 1018 1
3712 1018 0
9091 1018 0
4616 1018 0
1837 1018 0
5163 1018 0
7630 1018 0
12247 1018 0
6867 1018 0
2043 1018 0
12447 1018 0
2983 1018 1
4058 1018 0
2439 1018 0
3088 1018 0
10443 1018 0
4220 1018 0
11339 1018 0
5548 1018 0
4182 1018 0
3491 1018 0
3500 1018 0
2580 1018 0
5994 1018 0
8671 1018 0
4688 1018 0
6950 1018 0
6959 1018 0
8841 1018 1
3913 1018 0
2511 1018 0
13250 1018 1
10145 1018 0
8181 1018 0
7203 1018 0
6763 1018 1
14477 1018 0
7516 1018 0
19083 1018 0
19847 1018 0
11749 1018 0
6356 1018 0
1848 1018 0
3411 1018 0
6998 1018 1
2970 1018 1
8063 1018 1
1914 1018 0
9561 1018 0
17535 1018 0
10460 1018 0
9591 1018 0
3812 1018 0
1826 1018 0
8776 1018 0
7883 1018 0
8909 1018 0
8630 1018 0
3062 1018 0
4733 1018 0
10244 1018 0
3645 1018 0
9339 1018 0
2093 1018 0
3808 1018 0
4215 1018 0
1744 1018 0
2491 1018 0
4470 1018 0
8029 1018 0
4826 1018 0
3776 1018 0
10497 1018 0
3179 1018 0
4348 1018 0
7532 1018 0
8430 1018 0
5108 1018 0
5843 1018 0
10672 1018 0
7376 1018 0
4737 1018 0
2451 1018 0
10260 1018 0
2478 1018 0
6268 1018 0
13356 1018 0
7392 1018 0
8146 1018 0
3309 1018 0
11651 1018 0
4700 1018 0
4117 1018 0
1954 1018 0
8711 1018 0
5147 1018 0
10554 1018 0
13105 1018 0
2035 1018 1
3344 1018 0
10812 1018 0
10351 1018 0
4963 1018 0
2789 1018 0
4461 1018 0
3034 1018 0
4283 1018 1
11304 1018 1
9801 1018 0
2877 1018 0
10592 1018 0
18827 1018 0
6200 1185 0
7194 1185 0
10459 1185 0
6888 1185 0
2232 1185 0
18891 1185 0
2406 1185 0
3113 1185 0
11175 1185 0
8888 1185 0
9741 1185 0
3956 1185 0
9287 1185 0
10211 1185 0
2391 1185 0
6130 1185 0
3515 1185 0
7148 1185 0
3206 1185 0
1737 1185 0
2720 1185 0
2512 1185 0
5969 1185 0
5900 1185 0
13416 1185 0
14015 1185 0
7816 1185 0
5038 1185 0
3141 1185 0
3686 1185 0
2233 1185 0
11943 1185 0
5987 1185 0
6507 1185 0
2228 1185 0
4970 1185 0
8584 1185 0
3250 1185 0
2218 1185 0
3315 1185 0
14207 1185 0
9284 1185 0
8437 1185 1
6974 1185 0
10117 1185 0
4383 1185 0
7152 1185 0
4180 1185 0
11086 1185 0
6905 1185 0
15718 1185 0
7191 1185 0
6698 1185 0
11382 1185 0
5628 1185 0
10483 1185 0
6099 1185 0
5588 1185 0
4034 1185 0
7187 1185 0
7815 1185 0
2384 1185 0
3584 1185 0
10564 1185 0
4938 1185 0
10867 1185 0
12518 1185 0
10481 1185 0
3712 1185 0
9091 1185 0
4616 1185 0
1837 1185 0
5163 1185 0
6615 1185 0
12247 1185 0
6867 1185 0
2043 1185 0
3858 1185 0
11156 1185 0
3417 1185 0
4058 1185 0
7961 1185 0
2439 1185 1
3088 1185 0
5954 1185 0
10443 1185 0
4220 1185 0
11339 1185 0
2032 1185 0
6150 1185 0
5548 1185 0
4182 1185 0
3491 1185 0
9258 1185 0
6826 1185 0
3500 1185 0
2580 1185 0
8671 1185 0
4688 1185 0
2967 1185 0
3886 1185 0
6950 1185 0
6959 1185 0
3913 1185 0
2511 1185 0
13250 1185 0
10145 1185 0
5324 1185 0
7203 1185 0
14477 1185 0
15783 1185 0
9532 1185 0
9115 1185 0
7516 1185 0
19847 1185 0
4092 1185 0
11749 1185 0
6356 1185 0
3411 1185 0
5138 1185 0
2970 1185 0
10534 1185 0
15318 1185 0
9561 1185 0
17535 1185 0
10460 1185 0
12301 1185 0
8909 1185 0
8630 1185 0
3062 1185 0
9339 1185 0
2093 1185 0
3808 1185 0
2183 1185 0
4215 1185 0
4617 1185 0
4470 1185 0
8029 1185 0
4826 1185 0
3776 1185 0
10497 1185 0
2411 1185 0
4348 1185 1
7532 1185 0
6101 1185 0
8430 1185 0
5108 1185 0
5843 1185 0
10672 1185 0
5256 1185 0
7376 1185 0
4737 1185 0
10260 1185 0
3697 1185 0
12016 1185 0
13356 1185 0
7392 1185 0
8146 1185 0
11651 1185 0
9401 1185 0
4700 1185 0
4117 1185 0
1954 1185 0
8711 1185 0
3075 1185 0
6938 1185 0
5147 1185 0
13105 1185 0
5836 1185 0
3344 1185 0
10351 1185 0
4963 1185 0
2789 1185 0
4461 1185 0
3034 1185 0
4283 1185 0
11304 1185 0
9801 1185 0
2877 1185 0
10592 1185 0
18827 1185 0
5307 1185 0
