6150 637 0
7376 600 1
2967 764 0
2035 1018 1
3113 206 0
5588 1549 1
4688 1185 0
8671 637 0
6905 1240 1
5843 206 0
5588 206 1
8841 1018 1
5969 1018 0
6867 834 0
6507 764 1
6763 1018 1
6200 637 1
12518 637 0
2384 1549 0
5739 600 0
7961 764 0
7136 1240 1
10564 764 0
5324 206 0
3309 600 0
4034 1549 1
8584 1018 1
11304 1018 1
2439 764 1
15318 834 0
3002 1115 0
5719 1240 1
2233 637 0
3858 834 0
2439 1185 1
12518 1240 1
6698 764 1
8711 437 0
5628 1240 1
6998 1018 1
12518 764 1
2512 1018 0
5307 1185 0
7630 764 0
6698 1240 1
9339 1240 0
9561 764 0
2451 1240 1
11371 437 0
4785 764 1
9284 1018 1
3283 1240 1
4938 437 1
9786 437 1
8630 437 0
2228 764 1
5719 764 1
2946 206 0
3304 1240 1
12016 206 0
4283 1018 1
11175 437 0
8437 1115 1
4348 834 0
10244 437 0
8065 1240 1
8063 1018 1
10460 1115 0
2580 1185 0
2314 600 0
4220 1240 1
2970 1018 1
3062 1115 0
8437 637 1
7338 1018 0
2511 764 0
3726 1018 0
6959 206 0
10812 206 0
6150 834 0
10867 764 1
8437 1185 1
2314 437 0
8437 764 1
4103 1018 1
2789 1018 0
3344 764 1
2970 437 1
10260 764 1
1970 1240 1
13250 1018 1
8063 637 1
4182 1549 0
10244 1115 0
1826 206 0
4034 1240 1
7816 834 0
11086 1115 0
2411 764 0
7152 637 0
3034 1018 0
9786 206 0
1970 764 1
4938 1018 1
3776 206 0
7194 1240 0
11382 1018 0
13356 1240 1
4117 666 0
12518 834 1
3304 764 1
10483 764 1
11585 764 1
10460 764 0
6340 764 1
6101 1115 0
5108 1115 0
5991 206 0
3697 600 0
1848 764 0
4348 637 0
9287 1185 0
8063 437 1
6974 764 1
18827 834 0
10260 637 0
8584 666 0
3113 437 0
12518 1018 1
4461 764 1
3956 1240 1
6938 1240 0
3002 206 0
7166 1240 1
10503 1115 0
6974 666 1
7376 1185 0
1737 206 0
3250 1018 1
5256 764 1
5548 1018 0
1954 764 1
6200 1115 1
9258 1240 1
7191 206 0
6099 1240 1
3812 600 0
2314 206 0
1848 600 0
5987 1018 1
3886 437 0
10481 1240 0
7194 1549 0
2983 1018 1
12247 666 1
6507 637 1
6200 764 1
2970 1115 0
7376 1240 1
3500 1240 1
3283 764 1
4348 1185 1
4220 764 1
6507 1018 1
6974 637 1
11371 764 0
12518 600 1
9401 637 0
3315 1018 0
8437 666 1
5256 1240 1
2970 764 1
